start,truth int,fiction type ,film condensed,reality condensed,duration
00:00:43,-1,,"Mercury sits up in bed, tired. He coughs",Unknown,29
00:01:12,3,,Prince Charles and Princess Diana take their seats at the Live Aid concert,They were seated in the front row,19
00:01:31,3,,We see several pet cats in Mercury's home,Mercury adored cats and had many as pets over the years,21
00:01:52,3,,It's all go backstage at Live Aid,Live Aid was unprecedented in scale,57
00:02:49,3,,Mercury sees the vast Live Aid crowd cheering from their seats,"72,000 people turned up to watch Live Aid at Wembley",57
00:03:46,3,,Mercury handles baggage at Heathrow,He did work as a baggage handler before he got famous,13
00:03:59,-1,,Mercury gets racist abuse from his co-worker,Unknown,13
00:04:12,3,,Mercury drafts songs on scraps of paper,He'd done this since childhood,13
00:04:25,3,,We meet Mercury's mother. She has a strong foreign accent,Mercury's parents had roots in India and Persia. Mercury was born in Zanzibar. ,24
00:04:49,3,,Mercury announces his name change,"Born Farrokh Bulsara, Mercury changed his name legally in 1970",7
00:04:56,3,,Mercury's father scolds him for going out too much,His parents hoped he would return to 'proper studies' ,17
00:05:13,3,,Mercury watches a Smile gig at a student bar,"Smile played loads of student bars, and Mercury was a friend and fan of the band",78
00:06:31,3,,Staffell tells the guys he's leaving Smile,Staffell left Smile to join Humpy Bong,25
00:06:56,1,,"Mercury meets Austin, the chemistry is instant","Mercury met Austin sometime later, but once they met, they were connected for life",49
00:07:45,3,,May and Taylor reflect on Staffell leaving ,They didn't blame him ,12
00:07:57,0,,Mercury introduces himself as a fan to May and Taylor,Mercury was already friends with the band,27
00:08:24,1,,Mercury breaks into song. The guys are impressed. ,"Mercury did replace Staffell, after years of pestering to join the band",55
00:09:19,3,,Mercury explains he has four extra teeth = more vocal range,Mercury did think his extra 4 teeth improved his voice,7
00:09:26,3,,"Mercury saunters off, radiating confidence",He was super confident in his own talent,12
00:09:38,3,,Mercury visits Austin at Biba,Mercury hung out at Biba for 6 months before finally asking her out ,39
00:10:17,3,,Mercury and Austin flirt intensely,They were intrigued by one another,60
00:11:17,2,,Queen play 'Keep Yourself Alive' at a student bar,"That was one of their earliest tracks, but Deacon didn't join until later",29
00:11:46,-1,,Mercury is heckled with a racist slur,Unknown,6
00:11:52,3,,Mercury snaps his mic stand,"It was an accident, but he owned that look from then on ",42
00:12:34,2,,Mercury is making up his own lyrics at a Smile gig,Unknown,21
00:12:55,3,,Mercury owns the stage. The crowd are loving him,It was immediately clear he was a gifted frontman,33
00:13:28,3,,Mercury checks the papers for studio flats to rent,He did rent a bedsit around this time,17
00:13:45,2,,The van breaks down and Taylor moans about being broke,"The band's bad contract meant they were broke, despite their success",24
00:14:09,-1,,Mercury wants the band to record an album,Unknown,17
00:14:26,1,,Mercury announces Queen will record an album that night,They didn't record an album in one night,10
00:14:36,3,,In the studio the band gets experimental,The band were always looking for ways to innovate,79
00:15:55,2,,"Someone from EMI walks in, asks for a demo",EMI did get hold of a Queen demo in the early years,12
00:16:07,3,,Mercury sketches the new Queen logo,He did design Queen's famous royal crest,8
00:16:15,3,,Mercury has renamed the band ,He chose 'Queen' for it's regality and outrageousness,15
00:16:30,3,,Mercury has a piano headboard,He had a piano for a headboard so he could play what he heard in his dreams,39
00:17:09,3,,Mercury tells Austin he will always look after her,"He took care of her until the day he died, when he left her almost everything",32
00:17:41,2,,Austin and Mercury's families meet. Her parents are deaf. ,"We don't know if the families met, but her parents were indeed deaf",15
00:17:56,-1,,Mercury makes an awkward faux pas,Unknown,17
00:18:13,-1,,Mercury's mother tells the band about his heritage,Unknown,19
00:18:32,1,,Mercury's family fled Zanzibar with just the clothes on their backs,"They were forced to leave, but they had plenty of resources",22
00:18:54,3,,Mercury's mum boasts of his boxing talents,Mercury won trophies for boxing in his youth,17
00:19:11,3,,Mercury tells his family he's legally changed his name,He changed his name officially in 1970,17
00:19:28,2,,Mercury's father is unhappy about the name change,Unknown,18
00:19:46,3,,May studied astrophysics and Taylor studied dentistry,Both true – May returned to astrophysics in later life,34
00:20:20,2,,John Reid wants to manage the band,"He did, but it was a much longer process than shown",43
00:21:03,2,,Mercury appears in a flamboyant leather jacket,"Mercury was fashion-forward and a free thinker, he wore what he liked",22
00:21:25,2,,Queen describe themselves as misfits playing for other misfits,"The guys have said Queen were never fashionable, even when they were successful",46
00:22:11,0,,Reid introduces Paul Prenter,"Prenter didn't come on the scene until after Live Aid, in 1977",10
00:22:21,2,,Plans for Top of the Pops then a Japan tour,They did do TOTP but the Japan tour came later,6
00:22:27,1,,Reid proposes a tour of Japan,"Queen toured Japan, but not until later",24
00:22:51,3,,The band are incredulous about not being able to play live on TOTP,They were annoyed about it and thought it seriously uncool ,41
00:23:32,2,,They play 'Killer Queen' on TOTP,Killer Queen' was their second TOTP performance later that year,30
00:24:02,2,,Top of the Pops / Japan live tour montage,The Japan tour came later,13
00:24:15,3,,Mercury opens up to Austin,He considered her the only real friend he ever had,43
00:24:58,2,,Mercury proposes to Austin,It went down almost exactly like it did in the film ,93
00:26:31,0,,The band burst in on the intimate scene,Probably didn't happen,18
00:26:49,3,,Reid has booked Queen on a US tour,Queen toured the US for the first time in 1974,35
00:27:24,3,,Queen smash the US tour night after night. ,The tour was a massive hit. ,149
00:29:53,1,,The band meet EMI exec Ray Foster,Foster was a composite character,27
00:30:20,3,,Mercury nicknames Beach 'Miami',He still goes by that nickname today,26
00:30:46,3,,Mercury proposes an operatic record,The band were all for a new musical experience,103
00:32:29,2,,Prenter and Queen arrive at Rockfield Farm,"Queen did record 'Bohemian Rhapsody' at Rockfield farm, but Prenter wasn't there",109
00:34:18,3,,"Mercury, inspired, scribbles on a scrap of paper",He'd done this since childhood,41
00:34:59,0,,Mercury plays 'Love of My Life' to Prenter,Prenter wasn't at Rockfield Farm ,55
00:35:54,2,,Mercury says he wrote the song for Austin,He did write 'Love of My Life' for Austin,19
00:36:13,1,,Prenter kisses Mercury,"They became lovers, but not until later",70
00:37:23,3,,May and Deacon mock Taylor's 'I'm in Love with My Car',May thought it was a joke when he first heard it,70
00:38:33,3,,Mercury completes the 'Mama' ballad,Mercury did finalise his composition at Rockfield Farm,77
00:39:50,3,,May lays down his iconic 'Bohemian Rhapsody' guitar solo,May did write his solo piece for the track,90
00:41:20,3,,Taylor does his Galileo bit over and over until Mercury is happy,Mercury worked and reworked the song until the tape was worn out,105
00:43:05,2,,"Foster doesn't get the new record, says Bohemian Rhapsody is too long and weird","On hearing the track, EMI's Paul Watts said 'what the fuck's this?' ",137
00:45:22,1,,The band storm out of Foster's office,"There was tension, but no record of the band storming out",85
00:46:47,2,,Mercury throws a brick through Foster's window,Mercury threw a brick through Reid's window,47
00:47:34,3,,Mercury gets Kenny Everett to play Bohemian Rhapsody,Everett was pivotal in getting the track out there,55
00:48:29,2,,Everett and Mercury flirt,The pair were a staple at London nightclubs,9
00:48:38,3,,Bad reviews flood in,The record bombed with the critics,15
00:48:53,3,,Wildly successful performance at Edinburgh,The show won them a standing ovation,86
00:50:19,3,,Queen World Tour – the crowds can't get enough,They played a whopping 77 shows for that tour,41
00:51:00,3,,"Mercury phones Austin, she senses he is distant",Austin knew something was wrong between them,31
00:51:31,3,,Mercury is tempted by men,Mercury did cheat on Austin with guys ,14
00:51:45,2,,There seems to be something between Prenter and Mercury,"There was, but not until later ",29
00:52:14,3,,Mercury tells Austin she remains the love of his life,He considered her his common-law wife until the end,83
00:53:37,3,,"Mercury comes out to Austin, who already knows","Austin had known for a long time, but wanted to hear him say it",67
00:54:44,3,,Austin goes to remove her engagement ring,They ended their engagement after Mercury came out,134
00:56:58,3,,Mercury moves into a London mansion,"He bought Garden Lodge, Kensington",64
00:58:02,3,,Mercury talks adoringly to Austin on the phone,He always wanted her close and got her a place nearby,114
00:59:56,2,,Mercury demands Prenter arrange an ostentatious party at his new digs,"Mercury was known for his extravagant parties, but Prenter wasn't on the scene yet",28
01:00:24,3,,Mercury swans around lavishing gifts on his guests,He was known for his grand generosity,22
01:00:46,2,,There's hostility between Prenter and Taylor,"They couldn't stand each other, but this came later",65
01:01:51,2,,There's hostility between Prenter and Taylor,"They couldn't stand each other, but this came later",38
01:02:29,2,,May calls Mercury a prick,Mercury and May fell out all the time,8
01:02:37,3,,Prenter and Mercury party hard,"They did, but this came later",31
01:03:08,0,,Mercury gropes one of his servers – Jim Hutton,Mercury met Hutton at a nightclub,34
01:03:42,0,,Mercury gropes one of his servers – Jim Hutton,Mercury met Hutton at a nightclub,35
01:04:17,1,,Hutton and Mercury kiss,Hutton told Mercury to 'fuck off' the first time they met,90
01:05:47,3,,"May shows the band his idea for 'We Will Rock You', inspired by the audience","May went to bed thinking about audience involvement, and woke up with the track in his head",71
01:06:58,2,,May jibes Mercury about Prenter,"May thought Prenter was a terrible influence, but this came later",7
01:07:05,3,,May explains 'We Will Rock You' to Mercury,Mercury was into the concept,49
01:07:54,3,,Madison Square Garden concert,"May says it was magical, a landmark performance",111
01:09:45,3,,Mercury starts up his 'ay-oh' call and response,The audience always loved it ,19
01:10:04,2,,Prenter tells Reid Mercury wants to go solo,Mercury was interested in going solo,13
01:10:17,3,,CBS has offered big bucks for a solo deal,CBS gave Mercury a massive solo deal,18
01:10:35,0,,Prenter persuades Reid to convince Mercury to go solo,Redi and Prenter weren't in the picture at this point,11
01:10:46,-1,,Mercury's heart sinks when he meets Austin's boyfriend,Unknown,88
01:12:14,0,,Reid proposes a solo deal to Mercury,Redi and Prenter weren't in the picture at this point,40
01:12:54,0,,Mercury loses it and fires Reid on the spot,Mercury actually wanted to go solo,75
01:14:09,0,,Prenter says he'll take care of things from now on ,Prenter wasn't in Mercury's life until years later,60
01:15:09,2,,The paper prints an exposé of Mercury's wild lifestyle,"This specific exposé was published, but not until years later",17
01:15:26,2,,The band argue over their musical direction,"This did create tension in the group, who often fought",12
01:15:38,1,,The band are angry at Mercury for firing Reid without consulting them,It was a group decision,3
01:15:41,3,,Mercury announces Beach will manage them now,Beach did take over as manager,14
01:15:55,2,,The band argue over their musical direction,"This did create tension in the group, who often fought",34
01:16:29,3,,Taylor and Mercury fight,Taylor and Mercury were hotheads,6
01:16:35,2,,May tries to keep the peace,May wanted everybody to be happy but could be ruthless,9
01:16:44,3,,Deacon calmly plays while the others fight,Deacon was a quiet dude,4
01:16:48,2,,The band love Deacon's new riff,Deacon did write 'Another One Bites the Dust' – later on,50
01:17:38,3,,Beach agrees to manage the band,Beach did take over as manager,12
01:17:50,2,,Prenter takes Mercury to a gay club,"Mercury took to the scene like a duck to water, but not until later on",70
01:19:00,2,,Mercury struggles to catch his breath in the studio,"Mercury struggled terribly in the studio when he got sick, but this came later",4
01:19:04,2,,The press interrogate Mercury about his lifestyle and sexuality,He was hounded by the press,98
01:20:42,2,,The press interrogate Mercury about his lifestyle and sexuality,He was hounded by the press,61
01:21:43,3,,Mercury seems really lonely,Mercury admitted he suffered from loneliness,25
01:22:08,3,,"Queen make the 'I Want to Break Free' video, in drag",The video was a Coronation Street parody,42
01:22:50,0,,Mercury browses the phonebook for Jim Hutton,He didn't.,8
01:22:58,0,,Mercury browses the phonebook for Jim Hutton,He didn't.,22
01:23:20,3,,MTV ban the new video,It was banned when the drag was deemed offensive ,50
01:24:10,1,,Mercury tells the band he's going solo,"The band took a break, but it was unanimous",167
01:26:57,-1,,Prenter blocks Austin's attempts to contact Mercury,Unknown,32
01:27:29,3,,Mercury isn't happy with how the album is going,He needed the rest of Queen to make the magic happen,25
01:27:54,2,,Mercury and Prenter party hard in Munich,"They went wild, drugs and sex every night. But this came later. ",35
01:28:29,2,,Mercury coughs up blood,"It's likely he did experience this symptom, but not 'til later",11
01:28:40,2,,Mercury is surrounded by drugs and alcohol ,"He was fueled by sex and drugs during this period in Munich, but this came later",75
01:29:55,0,,"Mercury finds out about Live Aid, he'd had no idea",Mercury knew about Live Aid and was reticent about it ,46
01:30:41,-1,,Mercury begs Austin to stay with him,Unknown,33
01:31:14,-1,,Austin leaves,Unknown,60
01:32:14,-1,,"Mercury runs after Austin, she pleads with him to come home",Unknown,90
01:33:44,2,,"Mercury kicks Prenter out, Prenter threatens to expose him",Prenter did threaten to expose Mercury when he was fired,143
01:36:07,0,,Mercury watches Prenter on TV,Prenter didn't go on TV,9
01:36:16,3,,Prenter tells the world Mercury's secrets,He exposed Mercury in an interview with The Sun,26
01:36:42,0,,Mercury begs Beach to get the band to speak to him,Things weren't as bad as that between Mercury and the guys,66
01:37:48,1,,"Prenter on TV, tells the world Mercury is lonely, calls him a 'p*ki'","He did say Mercury was lonely, but didn't use a racist slur",22
01:38:10,0,,"Mercury, nervous, waits to meet the rest of the band",Queen never broke up,25
01:38:35,0,,Mercury apologises for everything,Queen never broke up,118
01:40:33,0,,May sends Mercury out of the room,Queen never broke up,25
01:40:58,2,,Mercury hints to Beach that he's dying,"Mercury did tell Beach about his diagnosis first, but this came later",22
01:41:20,2,,The band agree to share songwriting credits equally,"They did, but not until 1989",30
01:41:50,2,,The band want Prenter out,"Mercury fired Prenter, but not until 1986",6
01:41:56,3,,"The Live Aid line-up is published, every ticket sold. Geldof needs an answer",Queen did join in after the line-up was published and all tickets sold,62
01:42:58,0,,"The band are skeptical about Live Aid after a long break, but Mercury is desperate","The break wasn't that long, and Mercury wasn't keen on the idea",26
01:43:24,3,,Mercury watches the news – there's a new blood test for HIV,The FDA approved the first ever blood test to screen for HIV in 1985 ,40
01:44:04,3,,Mercury seems scared,Mercury lived in fear of contracting HIV,30
01:44:34,2,,Mercury walks into a clinic ,Mercury did have an AIDS test in 1985,3
01:44:37,2,,A doctor tells Mercury he is infected,His positive diagnosis came a couple of years later,44
01:45:21,-1,,A young AIDS patient recognises Mercury in the hall,Unknown,43
01:46:04,2,,"Queen practise their set, Mercury's voice is raw",He had a throat infection,36
01:46:40,3,,Beach seems to know Mercury is dying,Mercury had told Beach before he told the band,14
01:46:54,0,,"After Live Aid rehearsal, Mercury asks the band for a moment to talk",Mercury didn't tell the band he had AIDS until 1989,8
01:47:02,3,,"Mercury tells the band he has AIDS, and that he wants to make music until he dies",Mercury insisted on making music 'til the end,127
01:49:09,2,,Mercury does vocal warm-ups,"Mercury did do vocal warm-ups, there's some footage online",24
01:49:33,3,,"Geldof records a colourful message, encouraging folks to donate",Geldof swore live when pushing for donations,28
01:50:01,0,,"Mercury finally finds Hutton's place, knocks on the door",The first and second time they met was in a nightclub,45
01:50:46,-1,,Hutton has tea with Mercury's family,Unknown,116
01:52:42,-1,,Mercury introduces Hutton to Austin,Unknown,50
01:53:32,-1,,Mercury thinks Austin's boyfriend is gay,Unknown,20
01:53:52,2,,Beach adjusts the volume on the PA for Queen's Live Aid performance,The sound engineer turned them up,29
01:54:21,3,,Queen take the stage,Mercury owned the stage the moment he stepped out,27
01:54:48,3,,The donation lines are a bit flat,Geldof was disappointed,9
01:54:57,3,,Mercury opens with Bohemian Rhapsody,They crowd were ecstatic ,107
01:56:44,2,,Mercury blows his mother a kiss,Unknown,4
01:56:48,2,,Austin and Hutton watch from backstage,Hutton saw the entire show from backstage. We don't know if Austin did. ,28
01:57:16,3,,The crowd joins in for 'Radio Ga Ga',Thousands of people pumped their fists and slapped their hands,200
02:00:36,3,,Mercury launches into his call-and-response bit,He was determined to reach every person watching,48
02:01:24,2,,The donation lines start ringing off the hook,Donations increased to £300 per second,166
02:04:10,3,,Mercury bids his audience goodnight,Queen stole the entire show,259
02:08:29,3,,Mercury died Nov 24 1991,"He died at home, from AIDS-related pneumonia",7
02:08:36,3,,"Mercury and Hutton stayed together, and Mercury and Austin remained close friends",They were both with Mercury until the end,8
02:08:44,3,,Mercury was given a Zoroastrian funeral,He had a traditional Zoroastrian cremation,7
02:08:51,3,,Bohemian Rhapsody' was re-released 2 weeks later and reached number 1 again,"In it's five-week stand, it sold almost a million copies",7
02:08:58,3,,Queen and Beach established the Mercury Phoenix Trust,It has so far provided $17million to projects in 56 countries,12
