start,truth int,fiction type ,film condensed,reality condensed,duration
00:00:25,3,,Duke of York (Bertie) asked to give speech at the Empire exhibition.,Bertie gave the speech.,12
00:00:37,-,-,-,-,30
00:01:07,3,,Bertie looks very anxious.,Bertie was anxious before speeches.,16
00:01:23,3,,The BBC crew prepare.,BBC folk take their voices seriously.,32
00:01:55,3,,Bertie looks terrified.,Bertie was terrified of public speaking.,9
00:02:04,3,,The BBC introduce Bertie.,The BBC broadcast the ceremony.,79
00:03:23,3,,"Bertie stammers, is humiliated.",The speech went badly.,116
00:05:19,3,,Sir Bentham arrives. ,Bertie saw a lot of doctors.,5
00:05:24,-1,character development,Bertie is encouraged to put marbles in his mouth by Sir Bentham.,No record of a Blandine-Bentham.,93
00:06:57,-1,character development,Elizabeth curtly thanks the Dr.  ,No record of a Blandine-Bentham.,7
00:07:04,3,,Elizabeth calms Bertie down.,Elizabeth always calmed Bertie.,36
00:07:40,0,character development,Elizabeth is driven to Harley Street,Elizabeth didn't set up the meeting in person.,38
00:08:18,0,character development,"Elizabeth enters, looks dubious.",Elizabeth didn't set up the meeting in person.,64
00:09:22,1,character development,Elizabeth & Lionel speak.,Elizabeth didn't set up the meeting in person.,93
00:10:55,1,character development,Elizabeth demands Lionel attend their home. Lionel refuses.,Lionel knew who Bertie was from day one.,82
00:12:17,3,,LionelS arrives at his small family home.,Lionel lived in a small house with his wife & 3 kids.,67
00:13:24,2,character development,Bertie struggles to read a bedtime story.,Bertie loved his kids & may have struggled to speak around them.,148
00:15:52,3,,Elizabeth mentions new doctor at dinner. Bertie refuses.,Bertie was reluctant.,32
00:16:24,1,character development,Lionel endures a humiliating audition.,Lionel was an actor but not while he was a speech therapist.,89
00:17:53,3,dramatic license,Elizabeth & Bertie cram into Lionel'S elevator.,"Bertie & Elizabeth did visit. The practice had stairs, not an elevator.",31
00:18:24,-1,character development,A young boy greets them.,Not in the memoir. ,62
00:19:26,1,character development,"Bertie starts treatment but is angry, resistant.",Bertie wasn't angry.,418
00:26:24,2,character development,"Bertie is persuaded to read aloud while listening to music, is recorded.",Lionel did use gramophone recordings.,147
00:28:51,3,,Bertie & Elizabeth leave. ,They arrived together & presumably left together. ,26
00:29:17,3,,King George broadcasts a Christmas speech.,George started the xmas tradition.,43
00:30:00,3,,George compains about his son's limitations.,George was frustrated by David's antics.,134
00:32:14,3,,"Bertie stammers while reading George's speech, is shouted at.",George was impatient with Bertie's stammering.,39
00:32:53,-1,character development,A stressed Bertie listens to the recording of himself.,Not in the memoir.,92
00:34:25,0,character development,Bertie refuses to discuss anything personal with Lionel.,Bertie did discuss personal stuff with Lionel.,116
00:36:21,3,,Montage of speech therapy methods.,They had 82 appointments .,143
00:38:44,-1,"dramatic license, character development",Bertie's brother David lands in a light aircraft.,Not in the memoir.,34
00:39:18,3,,David has returned home to visit their dying father.,David returned from Africa.,32
00:39:50,-1,character development,David insists their father is dying to scupper his relationship with Wallis.,Not in the memoir.,23
00:40:13,3,,The King is confused & bewildered.,The king wasn't with it in his final days .,83
00:41:36,2,character development,David points out the clocks are set half an hour forward.,The king invented 'Sandringham Time' .,62
00:42:38,2,character development,Archbishop Lang sucks up to David,Lang was a problem.,60
00:43:38,3,,The King dies.,The king died 15th Jan 1936.,18
00:43:56,0,character development,"David breaks down, crying, holds onto his mother. It's awkward.",David didn't cry like that.,77
00:45:13,2,character development,David is upset that as King he cannot marry Wallis.,David wanted Wallis more than kingship.,30
00:45:43,-1,character development,Lionel acts a scene from Shakespeare.,Not in the memoir.,92
00:47:15,3,,Lionel is surprised to have Bertie visit him.,Bertie did have extra duties that kept him away from LIONEL.,165
00:50:00,-1,,We learn Bertie was bullied by his family & nurse.,We don't know.,367
00:56:07,2,character development,Elizabeth is unhappy that Wallis has ordered old trees to be felled.,A similar incident happened at Windsor.,51
00:56:58,3,,Elizabeth snubs Wallis due to lapse in protocol.,Wallis broke protocol in doing so.,57
00:57:55,0,dramatic license,Elizabeth & Churchill speak. Churchill doesn't like Wallis.,Churchill was on David's side.,29
00:58:24,2,,Wallis calls to David to fetch her more wine. ,David doted on Wallis.,15
00:58:39,1,character development,"David tells Bertie he plans to marry Wallis. Bertie is shocked, stammers.",Their conversations aren't in the memoir.,140
01:00:59,-1,dramatic license,Bertie dejected over his lack of progress. Is encouraged to swear.,Not in the memoir. No mention of fuckety-fuck.,94
01:02:33,0,dramatic license,Lionel encourages Bertie to step up & be great. Bertie offended.,Lionel wasn't involved. No such scene.,145
01:04:58,3,,David must abdicate if he marries a commonwoman.,If David married Wallis he must abdicate.,88
01:06:26,2,character development,"Lionel at home, upset. His concerned wife offers support.",Myrtle supported Lionel in his work. Did know he had a royal client.,54
01:07:20,-1,dramatic license,"Lionel waits to see Bertie, is sent away.",Not in the memoir.,43
01:08:03,0,dramatic license,Churchill suggests Bertie take over as King.,Nope. Churchill supported his brother David.,81
01:09:24,3,,"David wants to marry Wallis, no matter what.",David chose Wallis over kingship.,46
01:10:10,3,,David abdicates.,David abdicated 10th Dec 1936.,100
01:11:50,2,dramatic license,Bertie speaks disastrously before the Accession Council.,The declaration was halting but not disastrous.,103
01:13:33,3,,Elizabeth & kids pack their rocKing horses.,Bertie's daughters had rocking horses.,21
01:13:54,3,,Bertie arrives. His daughters curtsy.,Bertie adored his daughters.,39
01:14:33,3,,Bertie breaks down. He doesn't want to be King.,Bertie cried when he found out he had to be king.,123
01:16:36,3,,"Posters line the streets: ""Stand by our King""",David had a lot of supporters.,10
01:16:46,-1,dramatic license,Bertie & Elizabeth visit Lionel's home.,Not in the memoir.,56
01:17:42,1,character development,Bertie & Lionel apologise to each other.,There was no big apology.,123
01:19:45,0,dramatic license,Myrtle arrives home to find Elizabeth sitting at her table.,"Nope, but Lionel's family did meet the royals on several occasions..",62
01:20:47,0,dramatic license,Lionel introduces the King to his stunned wife.,Nope. Myrtle already knew he was working with the king.,38
01:21:25,3,,Bertie & Lionel enter Westminister Abbey to rehearse the coronation.,Lionel & Bertie rehearsed in the abbey.,59
01:22:24,2,character development,Bertie insists Lionel sits in the King's box. Lang is unhappy.,Lionel & Myrtle sat in the royal box.,39
01:23:35,3,,Lionel & Bertie rehearse in the abbey.,Lionel & Bertie rehearsed in the abbey.,41
01:24:16,1,dramatic license,"Lang has Lionel vetted, challenges his qualifications.",Lionel never misrepresented himself. Was not challenged by LANG.,191
01:23:03,1,dramatic license,Lionel requests Lang clear the premise. Lang is indignant.,Bertie insisted on Lionel.,32
01:27:27,0,dramatic license,Lionel slouches in the royal chair. Bertie is enraged.,Lionel was too deferent for this behaviour.,64
01:28:31,3,,Lang informs Lionel he's being replaced. Bertie asserts his authority.,Lang did suggest an alternative. Bertie insisted on Lionel.,60
01:29:31,3,,Lionel & Bertie rehearse. It goes well.,Bertie was pleased with his progress.,93
01:31:52,3,,HITLER speaking at Nuremberg.,Hitler spoke at Nuremberg.,48
01:31:04,3,character development,The coronation went well.,Yep. The coronation went well.,48
01:32:40,2,dramatic license,Prime Minister Baldwin resigns over handling of Hitler.,Baldwin resigned.,67
01:33:47,3,,War is announced.,Chamberlain announced war 3rd Sep 1939.,50
01:34:37,3,,Bertie must give a long speech to the nation. He calls for Lionel.,Lionel was summoned for the address.,34
01:35:11,3,,Lionel's son drives him to the palace.,Laurie drove Lionel to the palace.,174
01:38:05,3,,They have just 40m to broadcast.,They had 40m to rehearse.,14
01:38:19,2,dramatic license,"Bertie's confidence is low, does some practices.",Bertie crammed in some practise.,18
01:38:37,1,dramatic license,Bertie in the state room. Churchill offers support.,Churchill wasn't involved.,101
01:40:18,2,character development,Broadcast room has been redecorated.,Lionel took care of the broadcast setting.,90
01:41:48,3,,Lionel stands right in front of him. Bertie thanks him.,Lionel supported Bertie throughout. & stood right with him.,47
01:42:35,3,,The broadcast goes smoothly.,The speech went smoothly.,308
01:47:43,3,,"Lionel says he did ""quite well""",Bertie was congratulated.,34
01:48:17,2,dramatic license,Bertie is applauded as he poses for an official photo.,Bertie posed for 'the' photo afterwards. Officials were not there.,33
01:48:50,3,,Bertie thanks & congratulates Lionel,Bertie remained grateful to Lionel.,39
01:49:29,3,,"Elizabeth enters, is proud & relieved.",Elizabeth was a proud wife.,29
01:49:58,0,dramatic license,Bertie received contratulations from officials.,Those officials weren't present.,96
01:51:34,3,,Title: Bertie made Lionel a CVO. Remained friends etc.,"Lionel got a CVO, remained close to Bertie.",31
