,truth_int,duration,start,end
0,3,464,0:00:54,0:08:38
1,3,715,0:08:38,0:20:33
2,2,550,0:20:33,0:29:43
3,2,729,0:29:43,0:41:52
4,3,760,0:41:52,0:54:32
5,3,690,0:54:32,1:06:02
6,2,1122,1:06:02,1:24:44
7,3,894,1:24:44,1:39:38
8,3,1730,1:39:38,2:08:28
