,truth_int,fiction type ,film_condensed,reality_condensed,duration,start,end
0,3,,Marines roll into Fallujah.,A convoy of marines pulled into Fallujah. ,42,0:00:30,0:01:12
1,1,,"Kyle eyes an insurgent, loses him.",This specific guy wasn't in the bio.,85,0:01:12,0:02:37
2,1,,Kyle shoots a child with a grenade.,"The mother had the grenade, Kyle shot her. ",57,0:02:37,0:03:34
3,3,,Young Kyle hunts deer with his dad.,Kyle's dad took him hunting a lot.,44,0:03:34,0:04:18
4,1,,Young Kyle steals a bible at church.,"He went to church, didn't steal a bible.",34,0:04:18,0:04:52
5,3,,Young Kyle protects little brother from a bully.,"Kyle loved a fight, especially to protect Jeff.",80,0:04:52,0:06:12
6,3,,"Kyle falls from a rodeo horse, injures his hand.",Kyle gave up broncos after a serious accident in the pen.,62,0:06:12,0:07:14
7,0,,Jeff ribs Kyle about his girlfriend.,The girlfriend scene was made up.,20,0:07:14,0:07:34
8,0,,Kyle finds Sarah in bed with another guy.,The girlfriend scene was made up.,54,0:07:34,0:08:28
9,0,,Kyle kicks Sarah out.,The girlfriend scene was made up.,48,0:08:28,0:09:16
10,0,,"Kyle sees the WTC bombing on TV, decides to join up.",Kyle had always intended to join up.,59,0:09:16,0:10:15
11,3,,Kyle gets a SEALs brochure at the recruiting office.,Kyle got hooked on the SEAL idea.,32,0:10:15,0:10:47
12,2,,Hell week montage at SEAL training camp.,Hell week was intense. ,176,0:10:47,0:13:43
13,3,,Kyle meets Taya in a bar & they hit it off.,"Kyle met Taya in a bar, they clicked.",213,0:13:43,0:17:16
14,3,,Taya pukes in the carpark.,Taya puked at the end of the night.,25,0:17:16,0:17:41
15,2,,Sniper training. Kyle is a good shot.,Kyle did pretty well at sniper training. ,36,0:17:41,0:18:17
16,3,,Kyle leaves Taya a voicemail.,Kyle left Taya many voicemails. ,40,0:18:17,0:18:57
17,2,,Kyle's focus at training is off.,Kyle had some difficulty keeping focused at training.,25,0:18:57,0:19:22
18,-1,,Kyle & Taya go to a fayre.,We couldn't find a source for this. ,73,0:19:22,0:20:35
19,2,,Kyle's focus at training is off.,Kyle had some difficulty keeping focused at training.,17,0:20:35,0:20:52
20,-1,,Taya & Kyle have sex for the first time.,We couldn't find a source for this. ,41,0:20:52,0:21:33
21,2,,Tosh is getting annoyed at Kyle's lack of focus.,The sniper trainers were tough on the recruits.,30,0:21:33,0:22:03
22,3,,Taya & Kyle watch the WTC attack on TV.,Taya & Kyle saw the WTC attack news on TV. ,40,0:22:03,0:22:43
23,3,,Kyle's focus at training is spot-on.,Kyle learned to hone his focus. ,6,0:22:43,0:22:49
24,2,,Kyle & Taya get engaged in bed.,Kyle & Taya decided to get married.,49,0:22:49,0:23:38
25,1,,Kyle finds out the US is going to war at his own wedding.,Kyle knew he was getting deployed before they got married.,85,0:23:38,0:25:03
26,2,,SEALs & marines pull up in Fallujah.,SEALs & marines arrived in convoy in Fallujah. ,47,0:25:03,0:25:50
27,2,,Everybody heads to their positions.,They got to work straight away. ,40,0:25:50,0:26:30
28,1,,Kyle shoots a child with a grenade.,"The mother had the grenade, Kyle shot her. ",118,0:26:30,0:28:28
29,0,,"Kyle is disturbed by his kill, Biggles reassures him.",Kyle was never uneasy about a kill.,68,0:28:28,0:29:36
30,2,,Kyle drops an insurgent right over the marines.,Kyle shot an insurgent right behind the marines.,31,0:29:36,0:30:07
31,3,,"A car runs at the marines, Kyle kills the driver.",Kyle shot the driver of an enemy truck,45,0:30:07,0:30:52
32,3,,Kyle shoots insurgents from his post.,Kyle shot insurgents most days.,76,0:30:52,0:32:08
33,1,,Mustafa shoots a marine.,Kyle didn't come across Mustafa at all.,53,0:32:08,0:33:01
34,1,,Kyle is upset that Mustafa killed a marine on his watch.,Kyle didn't encounter Mustafa.,43,0:33:01,0:33:44
35,3,,Kyle gets questioned by the higher-ups.,Kyle had to answer for a shot he took. ,19,0:33:44,0:34:03
36,3,,Biggles teases Kyle.,Biggles & Kyle adored each other.,42,0:34:03,0:34:45
37,-1,,"Jeff has deployed, Kyle doesn't like it.",We couldn't find a source for this. ,147,0:34:45,0:37:12
38,-1,,Gronski briefs the marines on enemy no1.,Kyle didn't mention any specific enemy.,70,0:37:12,0:38:22
39,2,,Kyle wants to join the marines on the ground.,Kyle let his post to help out on the ground.,43,0:38:22,0:39:05
40,2,,Goat refuses to help the marines on the ground.,Kyle had to work with a coward & hated him.,84,0:39:05,0:40:29
41,1,,"Team 3 find a family, the father begs them to come inside.",Didn't happen. ,104,0:40:29,0:42:13
42,0,,Kyle interrogates the father about The Butcher.,Didn't happen. ,106,0:42:13,0:43:59
43,0,,Kyle tells the DIA about The Butcher.,Didn't happen. ,55,0:43:59,0:44:54
44,2,,Lee tells Kyle he trained as a preacher.,Lee trained as a minister.,34,0:44:54,0:45:28
45,0,,Mustafa adjusts his aim.,Kyle didn't have any dealings with Mustafa.,13,0:45:28,0:45:41
46,-1,,Taya calls to tell Kyle it's a boy.,We couldn't find a source for this. ,23,0:45:41,0:46:04
47,0,,Mustafa shoots the driver. ,Kyle didn't have any dealings with Mustafa.,6,0:46:04,0:46:10
48,2,,Taya overhears a gunfight on the phone.,Taya did hear a gunfight over the phone.,28,0:46:10,0:46:38
49,1,,"The Butcher appears, dragging a kid.",Kyle had no dealings with The Butcher.,80,0:46:38,0:47:58
50,1,,Mustafa pins Kyle on a rooftop.,Kyle didn't have any dealings with Mustafa.,110,0:47:58,0:49:48
51,1,,Gronski shuts down the unit pending investigation.,There was no such mission. ,47,0:49:48,0:50:35
52,2,,Kyle lifts weights to pass the time.,Kyle worked out during his confinement to base.,19,0:50:35,0:50:54
53,3,,Taya awaits Kyle on the tarmac.,Taya always waited for kyle at the airport. ,52,0:50:54,0:51:46
54,3,,Taya is nervous about being with Kyle again.,"Taya was nervous, she felt distant from Kyle.",77,0:51:46,0:53:03
55,3,,"Kyle is jumpy, won't leave the house.","Kyle didn't like being back, stayed in the house.",57,0:53:03,0.0375
56,2,,Taya's OBGYN takes Kyle's BP. It's high.,Kyle had BP problems at a later stage.,55,0.0375,0:54:55
57,1,,Taya goes into labour in the car.,Taya didn't go into labour in the car.,50,0:54:55,0:55:45
58,2,,Taya gives birth to a boy. Kyle's really happy.,Kyle wasn't crazy about the baby. The birth was tough.,27,0:55:45,0:56:12
59,1,,Kyle watches Mustafa's kill videos.,Kyle didn't have any dealings with Mustafa.,64,0:56:12,0:57:16
60,1,,"Kyle sees Jeff at the airbase, looking weary.",Kyle didn't meet Jeff on the tarmac.,101,0:57:16,0:58:57
61,1,,Kyle is instructed to put together an action squad. ,There was no Kill-The-Butcher action squad.,55,0:58:57,0:59:52
62,-1,,Lee questions the whole war.,We couldn't find a source for this. ,81,0:59:52,1:01:13
63,3,,Team 3 find a family in an apartment.,The military often found families hiding in homes.,65,1:01:13,1:02:18
64,0,,Kyle interrogates the family.,Didn't happen. ,37,1:02:18,1:02:55
65,0,,The Butcher enters a restaurant across the street.,Didn't happen. ,77,1:02:55,1:04:12
66,0,,Kyle notices 'shooter's strawberries' on the father.,Didn't happen. ,70,1:04:12,1:05:22
67,1,,Kyle finds a stash of weapons under the floorboards.,"Kyle didn't find the weapons, the marines did.",69,1:05:22,1:06:31
68,0,,"Kyle threatens the father, forces him to work with them. ",Didn't happen. ,42,1:06:31,1:07:13
69,0,,The father knocks on the restaurant door.,Didn't happen. ,94,1:07:13,1:08:47
70,2,,Team 3 find a body hanging. ,They found two bodies hanging. ,39,1:08:47,1:09:26
71,0,,The Butcher escapes down a tunnel.,The Butcher didn't feature in Kyle's story.,78,1:09:26,1:10:44
72,0,,"The Butcher jumps into a vehicle, which explodes.",The Butcher didn't feature in Kyle's story.,39,1:10:44,1:11:23
73,0,,Mustafa tries to shoot at Team 3.,Kyle didn't have any dealings with Mustafa.,59,1:11:23,1:12:22
74,2,,"Stateside, a man thanks Kyle for saving his life.",Kyle was thanked by a man he saved.,156,1:12:22,1:14:58
75,2, ,Kyle gets angry when nurses ignore McKenna.,Kyle was angry at all the testing done on his sick daughter.,60,1:14:58,1:15:58
76,3,,Taya holds McKenna & cries.,Taya was deeply unhappy after McKenna's birth.,110,1:15:58,1:17:48
77,-1,,Biggles buys an engagement ring locally.,We couldn't find a source for this. ,77,1:17:48,1:19:05
78,0,,Mustafa watches the team.,Kyle didn't have any dealings with Mustafa.,95,1:19:05,1:20:40
79,2,,Mustafa shoots Biggles in the face.,"Mustafa blinded Biggles, but Kyle wasn't there. ",87,1:20:40,1:22:07
80,3,,Biggles is rushed to medical.,Kyle carried Biggles to medical. ,72,1:22:07,1:23:19
81,2,,"Colonel suggests Team 3 take a break, they refuse.",The team refused the offer of downtime.,60,1:23:19,1:24:19
82,2,,Lee is gunned down.,Lee was killed on a mission. ,148,1:24:19,1:26:47
83,1,,Kyle escorts bodies home.,Other men escorted the bodies home.,19,1:26:47,1:27:06
84,1,,Kyle attends Lee's funeral. ,Kyle was in Iraq for the funeral.,94,1:27:06,1:28:40
85,0,,Kyle is angry at Lee for giving up.,Kyle spoke highly of Lee's regretful letter.,52,1:28:40,1:29:32
86,1,,Kyle visits Biggles in hospital.,Kyle didn't manage to see Biggles in hospital.,118,1:29:32,1:31:30
87,3,,Taya begs Kyle not to go back.,Taya wanted Kyle home. ,97,1:31:30,1:33:07
88,2,,Kyle hears Biggles died on the operating table.,Biggles did die in surgery but not until many years later.,56,1:33:07,1:34:03
89,2,,Kyle is thinking of going home for good.,Kyle struggled during his 4th tour. ,54,1:34:03,1:34:57
90,1,,"Kyle nearly has to kill a kid, & can't handle it. ",Kyle saw a kid with a rocket but was never going to kill him.,90,1:34:57,1:36:27
91,0,,"Kyle knows Mustafa is near, wants him dead. ",Kyle didn't have any dealings with Mustafa.,40,1:36:27,1:37:07
92,0,,Kyle sets up position.,Kyle didn't have any dealings with Mustafa.,209,1:37:07,1:40:36
93,0,,"Mustafa fires, takes out an engineer.",Kyle didn't have any dealings with Mustafa.,52,1:40:36,1:41:28
94,2,,Kyle kills Mustafa from 2100yds out. ,"Kyle made a 2100yd shot, but it wasn't Mustafa.",159,1:41:28,1:44:07
95,2,,Insurgents swarm the building. ,Insurgents swarmed a building but Kyle wasn't in it.,229,1:44:07,1:47:56
96,2,,"Kyle calls Taya, tells her he's coming home.",Kyle was falling apart by this point.,62,1:47:56,1:48:58
97,2,,Strykers roll in to get them out. ,The army rescued Kyle's team.,178,1:48:58,1:51:56
98,-1,,"Kyle is stateside, but in a bar instead of at home.",We couldn't find a source for this. ,129,1:51:56,1:54:05
99,-1,,Kyle hears war sounds in his head.,We couldn't find a source for this. ,40,1:54:05,1:54:45
100,1,,Kyle nearly kills a dog at a birthday party.,The dog part didn't happen.,74,1:54:45,1:55:59
101,-1,,Kyle sees a psychiatrist.,We couldn't find a source for this. ,106,1:55:59,1:57:45
102,3,,Kyle talks to veterans in hospital.,Kyle worked with veterans.,36,1:57:45,1:58:21
103,3,,Kyle tutors a veteran at a shooting range.,Kyle taught & hung out with veterans. ,73,1:58:21,1:59:34
104,3,,The family move to Texas.,The family moved from California to Texas.,38,1:59:34,2:00:12
105,3,,Kyle & McKenna hang out.,Kyle & McKenna got close eventually.,21,2:00:12,2:00:33
106,3,,Taya & Kyle flirt.,Taya & Kyle got their marriage back on track.,25,2:00:33,2:00:58
107,3,,Kyle teaches Colton to hunt.,Kyle taught his son to hunt. ,25,2:00:58,2:01:23
108,3,,Kyle gets ready to take a veteran out shooting. Happy families.,The family were in a good place that day.,144,2:01:23,2:03:47
109,0,,Taya doesn't like the look of the marine.,Taya never saw the marine. ,24,2:03:47,2:04:11
110,3,,Kyle was killed by the veteran he was trying to help. ,Eddie Ray Routh shot Kyle dead that day.,11,2:04:11,2:04:22
111,3,,Thousands of people attended his funeral & memorial.,The funeral & memorial were huge affairs.,172,2:04:22,2:07:14
