,truth_int,duration,start,end
0,3,617,0:00:30,0:10:47
1,3,722,0:10:47,0:22:49
2,1,674,0:22:49,0:34:03
3,-1,727,0:34:03,0:46:10
4,1,666,0:46:10,0:57:16
5,0,808,0:57:16,1:10:44
6,2,982,1:10:44,1:27:06
7,2,1250,1:27:06,1:47:56
8,-1,807,1:47:56,2:01:23
9,3,351,2:01:23,2:07:14
