,truth_int,duration,start,end
0,3,535,0:00:43,0:09:38
1,3,515,0:09:38,0:18:13
2,2,551,0:18:13,0:27:24
3,3,1289,0:27:24,0:48:53
4,3,1014,0:48:53,1:05:47
5,3,657,1:05:47,1:16:44
6,2,837,1:16:44,1:30:41
7,0,836,1:30:41,1:44:37
8,3,959,1:44:37,2:00:36
9,3,514,2:00:36,2:09:10
