,truth_int,duration,start,end
0,2,833,0:01:14,0:15:07
1,3,1112,0:15:07,0:33:39
2,3,853,0:33:39,0:47:52
3,3,481,0:47:52,0:55:53
4,3,792,0:55:53,1:09:05
5,3,1205,1:09:05,1:29:10
6,3,991,1:29:10,1:45:41
7,3,1088,1:45:41,2:03:49
8,-1,597,2:03:49,2:13:46
9,3,33,2:13:46,2:14:19
