,truth_int,duration,start,end
0,-1,847,0:00:48,0:14:55
1,2,694,0:14:55,0:26:29
2,2,726,0:26:29,0:38:35
3,3,845,0:38:35,0:52:40
4,2,733,0:52:40,1:04:53
5,2,551,1:04:53,1:14:04
6,0,770,1:14:04,1:26:54
7,0,626,1:26:54,1:37:20
8,3,739,1:37:20,1:49:39
9,0,155,1:49:39,1:52:14
