,truth_int,duration,start,end
0,3,681,0:00:42,0:12:03
1,2,707,0:12:03,0:23:50
2,1,1018,0:23:50,0:40:48
3,3,652,0:40:48,0:51:40
4,3,573,0:51:40,1:01:13
5,3,822,1:01:13,1:14:55
6,3,717,1:14:55,1:26:52
7,2,831,1:26:52,1:40:43
8,3,955,1:40:43,1:56:38
9,3,155,1:56:38,1:59:13
