,truth_int,duration,start,end
0,3,529,0:00:41,0:09:30
1,2,739,0:09:30,0:21:49
2,3,668,0:21:49,0:32:57
3,0,502,0:32:57,0:41:19
4,3,672,0:41:19,0:52:31
5,0,691,0:52:31,1:04:02
6,0,959,1:04:02,1:20:01
7,3,797,1:20:01,1:33:18
8,2,932,1:33:18,1:48:50
9,3,274,1:48:50,1:53:24
