,truth_int,duration,start,end
0,3,343,0:00:54,0:06:37
1,3,566,0:06:37,0:16:03
2,2,413,0:16:03,0:22:56
3,3,519,0:22:56,0:31:35
4,3,742,0:31:35,0:43:57
5,0,457,0:43:57,0:51:34
6,2,688,0:51:34,1:03:02
7,3,626,1:03:02,1:13:28
8,0,806,1:13:28,1:26:54
9,3,382,1:26:54,1:33:16
