,truth_int,duration,start,end
0,3,845,0:00:52,0:14:57
1,3,824,0:14:57,0:28:41
2,3,709,0:28:41,0:40:30
3,3,755,0:40:30,0:53:05
4,3,885,0:53:05,1:07:50
5,3,460,1:07:50,1:15:30
6,3,358,1:15:30,1:21:28
7,3,724,1:21:28,1:33:32
8,3,924,1:33:32,1:48:56
9,3,657,1:48:56,1:59:53
