,truth_int,duration,start,end
0,3,626,0:00:49,0:11:15
1,3,791,0:11:15,0:24:26
2,3,1028,0:24:26,0:41:34
3,3,1162,0:41:34,1:00:56
4,3,949,1:00:56,1:16:45
5,3,890,1:16:45,1:31:35
6,3,543,1:31:35,1:40:38
7,3,755,1:40:38,1:53:13
8,3,557,1:53:13,2:02:30
9,3,70,2:02:30,2:03:40
