,truth_int,duration,start,end
0,3,657,0:00:48,0:11:45
1,2,654,0:11:45,0:22:39
2,3,537,0:22:39,0:31:36
3,0,725,0:31:36,0:43:41
4,0,827,0:43:41,0:57:28
5,0,1277,0:57:28,1:18:45
6,0,725,1:18:45,1:30:50
7,0,681,1:30:50,1:42:11
8,2,443,1:42:11,1:49:34
9,3,35,1:49:34,1:50:09
