,truth_int,duration,start,end
0,0,765,0:00:21,0:13:06
1,3,555,0:13:06,0:22:21
2,3,595,0:22:21,0:32:16
3,3,859,0:32:16,0:46:35
4,3,1165,0:46:35,1:06:00
5,3,300,1:06:00,1:11:00
6,3,567,1:11:00,1:20:27
7,3,1207,1:20:27,1:40:34
8,3,961,1:40:34,1:56:35
