,truth_int,fiction type ,film_condensed,reality_condensed,duration,start,end
0,1,Dramatic license,Stratton Oakmont on Wall St.,"Stratton Oakmont based in Long Island, not Wall Street.",34,0:00:41,0:01:15
1,0,Dramatic license,"Inside, rowdy men throw little people at a target board.",Hired little people for entertainment. ,23,0:01:15,0:01:38
2,3,,"Belfort, cocky, boasts of his lavish lifestyle.",Belfort enjoyed a depraved high life. ,93,0:01:38,0:03:11
3,3,,A wasted Belfort badly lands a copter.,A wasted Belfort tried to fly his own helicopter.,40,0:03:11,0:03:51
4,3,,Belfort boasts of his massive drug habit.,Belfort had a major drug habit.,83,0:03:51,0:05:14
5,3,,Young Belfort looks intimidated by Wall St.,A rare glimpse at Belfort's insecurities. ,29,0:05:14,0:05:43
6,3,,"Belfort told he is ""lower than pond scum"".",& he agreed. ,36,0:05:43,0:06:19
7,3,,His new boss Hanna is impressed by him.,Hanna appreciated Belfort's initiative. ,38,0:06:19,0:06:57
8,3,,Belfort starts making calls.,Belfort started on Wall Street in 1987. ,59,0:06:57,0:07:56
9,3,,Hanna explains the dirty business to him.,Hanna told Belfort that brokers never stop 'churning & burning'. ,194,0:07:56,0:11:10
10,3,,Hanna tells him to jerk off as much as possible.,Hanna asserted Belfort must masturbate & get high to survive.,125,0:11:10,0:13:15
11,0,Dramatic license. ,Hanna starts pounding his chest.,McConaughey's acting exercise was incorporated into the scene. ,40,0:13:15,0:13:55
12,2,Dramatic license. ,Belfort at a strip club.,Belfort loved strippers. ,22,0:13:55,0:14:17
13,,,Belfort now a broker. Seems confident.,Belfort got his broker's license in 1987. ,20,0:14:17,0:14:37
14,,,Belfort panicking as Black Wednesday kicks in.,"Black Wednesday, 1987. ",71,0:14:37,0:15:48
15,2,Story coherence.,"Belfort, unemployed, looking for jobs.",His first wife supported him through unemployment.,69,0:15:48,0:16:57
16,,,Belfort joins a low-key shabby 'Investor's Centre',Belfort's second job in the industry. ,173,0:16:57,0:19:50
17,2,,Office is amazed by his selling ability.,He was really good at it. ,123,0:19:50,0:21:53
18,0,Story coherence/dramatic license.,Azoff introduces himself to Belfort. Quits his job instantly.,Azoff's wife introduced him to Belfort.  ,117,0:21:53,0:23:50
19,,,They smoke crack. Azoff married his cousin.,Azoff married his cousin. ,218,0:23:50,0:27:28
20,,,Belfort starts his own firm.,Belfort set up his company in an old car dealership. ,199,0:27:28,0:30:47
21,-1,Story coherence. ,Belfort's wife is concerned about the ethics of his work.,Not in the book. ,61,0:30:47,0:31:48
22,3,,Belfort wants to sell to the rich.,Belfort manipulated the wealthy into investing in rubbish. ,20,0:31:48,0:32:08
23,3,,Belfort trains his staff to sell.,Belfort's script seriously worked. ,245,0:32:08,0:36:13
24,3,,It becomes a successful company.,Stratton Oakmont was wildly succesful. ,55,0:36:13,0:37:08
25,3,,Office party. A woman shaves her head for $10K.,A head was shaved for $10k.,156,0:37:08,0:39:44
26,3,,FBI agent Denham builds a case against Belfort.,Coleman hunted Belfort for years.,13,0:39:44,0:39:57
27,,,Forbes do an article on Belfort.,Forbes did an article on Belfort in 1991. ,23,0:39:57,0:40:20
28,,,"Forbes call him ""The Wolf of Wall St.""",Nobody called Belfort the Wolf of Wall Street.,27,0:40:20,0:40:47
29,3,,Makes him a superstar.,Made him an attractively infamous employer.,39,0:40:47,0:41:26
30,3,,Montage of debauchery at the ever-expanding office. ,"Plenty of sex, drugs, crazed behaviour in the office.",38,0:41:26,0:42:04
31,0,,Office declared 'fuck-free zone' 8am-7pm.,"Belfort says it happened, Porush says it didn't. ",6,0:42:04,0:42:10
32,0,Dramatic license.,Belfort & Azoff have a 3-way with young employee in the office. ,No three-way.,23,0:42:10,0:42:33
33,1,Dramatic license.,"Jenner marries ""blowjob"" Pam.",A similar relationship did happen.,9,0:42:33,0:42:42
34,3,,"Belfort hires his angry dad, Mad Max.",Quick-tempered Max was the firm's chief financial officer.,61,0:42:42,0:43:43
35,3,,The guys discuss what they can do to little people.,The memoir dedicated three pages to this discussion. ,145,0:43:43,0:46:08
36,3,,"Mad Max is furious about ""expenses""",Max was 'careful' with cash. ,117,0:46:08,0:48:05
37,3,,Montage of prostitutes at the office. ,Several 'classes' of prostitutes graced the office. ,29,0:48:05,0:48:34
38,-1,Story coherence. ,Belfort admits he's no longer attracted to his wife.,Not in the book. ,101,0:48:34,0:50:15
39,2,,Big party. Belfort meets his future second wife.,Belfort met Nadine at a party. ,307,0:50:15,0:55:22
40,3,,They have a date.,Belfort had an affair with Nadine. ,83,0:55:22,0:56:45
41,2,Story coherence.,"His wife catches him on a date, leaves him.",Belfort left Denise for Nadine.,311,0:56:45,1:01:56
42,2,,Belfort dining at home. Has a butler.,Belfort had a 'managerie' of domestic staff.,26,1:01:56,1:02:22
43,-1,Dramatic license.,Butler is caught having a gay orgy at the home.,Not in the book. ,41,1:02:22,1:03:03
44,-1,Dramatic license.,"Belfort interrogates the butler, hang him off the roof.",Not in the book. ,127,1:03:03,1:05:10
45,2,,Belfort & his rathole Brad.,Garrett acted as a rathole for Belfort.,28,1:05:10,1:05:38
46,3,,SEC investigate Stratton Oakmont.,SEC did investigate Stratton.,23,1:05:38,1:06:01
47,3,,SEC officers pour through files in the conference room.,Belfort bugged & froze up the conference room. ,14,1:06:01,1:06:15
48,3,,Strattion set up an illegal IPO. Is now very rich.,Stratton manipulated multiple IPOs.,45,1:06:15,1:07:00
49,2,Story coherence.,BELFORT proposes to NAOMI. She says yes. ,Belfort married Nadine.,29,1:07:00,1:07:29
50,3,Story coherence.,BELFORT's stag party. ,Belfort partied constantly. ,60,1:07:29,1:08:29
51,2,,BELFORT & NAOMI's wedding. NAOMI's AUNT EMMA appears. ,Nadine had an English Aunt Patricia.,118,1:08:29,1:10:27
52,3,,Belfort gives his wife a yacht. Buys a house in Long Island.,"Nadine' was a 167ft yacht, originally built for Coco Chanel.",62,1:10:27,1:11:29
53,3,,Noami is furious over Belfort's affair with a prostitute.,Nadine threw cold water over a sleeping Belfort. ,35,1:11:29,1:12:04
54,3,,BELFORT with a dominatrix named VENICE. ,Venice was Belfort's dominatrix prostitute. ,43,1:12:04,1:12:47
55,3,,BELFORT tries to lie to NAOMI about VENICE. He is also now a father. ,"Belfort's lying failed. He had a baby daughter, Chandler.",45,1:12:47,1:13:32
56,,,Wated Belfort badly lands a helicopter.,Belfort crash landed his helicopter.,8,1:13:32,1:13:40
57,,Dramatic license.,BELFORT falls into his own pool. ,Belfort stumbled on the grass.,4,1:13:40,1:13:44
58,3,,BELFORT & NAOMI argue in their bedroom. ,Nadine was furious about Venice. ,97,1:13:44,1:15:21
59,3,,NOAMI spreads her legs to tease Belfort. It's caught on CCTV.,Nadine's candid camera moment really happened. ,131,1:15:21,1:17:32
60,3,,Azoff swallows a goldfish.,Porush swallowed a guy's goldfish. Steve Madden & Belfort made millions together.,517,1:17:32,1:26:09
61,3,,FBI subpoenaed the guy who shot BELFORT's wedding video.,FBI subpoenaed the wedding video. ,76,1:26:09,1:27:25
62,3,,BELFORT discussing the FBI case with his PI.,Belfort's P.I. 'Bo' Dietl had his own little section in a Harlem restaurant. ,102,1:27:25,1:29:07
63,-1,Dramatic license.,Belfort tries to bribe the FBI officer on his yacht.,Not in the book. ,520,1:29:07,1:37:47
64,2,,Belfort is heading to Switzerland.,Belfort spent time in Switzerland setting up his dodgy Swiss accounts.,10,1:37:47,1:37:57
65,3,,Belfort takes Quaaludes on the flight.,Belfort didn't feel like taking a long flight sober. ,48,1:37:57,1:38:45
66,3,,The guys cause trouble with the stewardess.,"Belfort harassed Franca, a stewardess. ",77,1:38:45,1:40:02
67,3,,Belfort wakes up to find himself tied down.,Belfort was tied down with 4 seatbelts.,30,1:40:02,1:40:32
68,3,,Flashback: Belfort humps the stewardess like a dog.,Belfort groped & tongued his way through the flight.,15,1:40:32,1:40:47
69,3,,Azoff tries to calm his boss down.,Porush tried to calm Belfort down.,48,1:40:47,1:41:35
70,3,,Belfort is released in Switzerland.,Handali probably made the charges go away. ,17,1:41:35,1:41:52
71,3,,They meet the Swiss banker.,Belfort & Handali met in the bank hallway. ,24,1:41:52,1:42:16
72,3,,Meeting between the gang & Swiss banking team.,There was such a meeting.,9,1:42:16,1:42:25
73,0,Dramatic license. ,Subtle power struggle between SAUREL & BELFORT.,Handali & Belfort got along great.,167,1:42:25,1:45:12
74,3,,Belfort visits Aunt Emma. She agrees to open a Swiss bank account.,Aunt Patricia opened an account for Belfort. ,44,1:45:12,1:45:56
75,0,Dramatic license.,Aunt Emma kinda kiss.,No kiss.,148,1:45:56,1:48:24
76,3,,BELFORT & NAOMI have sex amidst piles of cash. ,A $3m pile of cash. ,10,1:48:24,1:48:34
77,2,Dramatic license.,The gang smuggle cash into Switzerland.,Cash was taped to Chantalle. Porush wasn't there. ,94,1:48:34,1:50:08
78,0,Dramatic license.,Azoff is punched out.,Porush (Azoff) wasn't there.,41,1:50:08,1:50:49
79,3,,They smuggle cash over many trips.,Chantalle & her family smuggled millions in cash. ,45,1:50:49,1:51:34
80,2,,"Azoff does a cash drop, pretending to be high.",Porush turned up actually stoned.,37,1:51:34,1:52:11
81,1,Characterisation.,Azoff starts an argument.,Garret got aggressive. ,122,1:52:11,1:54:13
82,3,,Briefcase dropped. Cash everywhere. Brad arrested.,Garret was arrested. ,27,1:54:13,1:54:40
83,1,Story coherence/dramatic license.,Azoff tries to distract Belfort with ancient top-strength Quaaludes.,Belfort sources ancient quaaludes from a retired pharmacist. ,44,1:54:40,1:55:24
84,3,,Belfort purges.,Belfort cleared his system to prep for a unique high.,12,1:55:24,1:55:36
85,3,,Belfort & Azoff takes the drugs. But they seem to be duds. Take more.,Quaaludes took a while to kick in. The P.I. called. ,80,1:55:36,1:56:56
86,2,,Belfort's PI wants him to call on a public phone.,Bo Dietl did make this call. ,34,1:56:56,1:57:30
87,2,Dramatic license. ,Belfort drives to country club to make the call.,P.I. told Belfort the FBI were onto his Swiss accounts. Quaaludes kicked in. Drove home barely able to speak or move.,84,1:57:30,1:58:54
88,3,,Quaaludes kick in. Belfort can't talk or walk.,"Quaaludes kicked in, hard.",180,1:58:54,2:01:54
89,,Dramatic license. ,Noami calls. Azoff is wasted too.,"Nadine didn't call, Porush wasn't on the phone to Saurel. ",53,2:01:54,2:02:47
90,3,,"BELFORT drives home, a drooling wreck. ",Belfort did drive home totally wasted.,14,2:02:47,2:03:01
91,-1,Dramatic license. ,Azoff wasted.,Not in the book. ,18,2:03:01,2:03:19
92,3,,BELFORT pulls up. Car unscathed. ,Belfort thought he made it home unscathed. ,14,2:03:19,2:03:33
93,,Dramatic license. ,Huge scene at Belfort's house.,No interaction with Porush at this point.,102,2:03:33,2:05:15
94,1,Dramatic license/story coherence.,Azoff chokes on ham. Belfort almost doesn't save him.,Belfort saved a different man from the same fate. ,123,2:05:15,2:07:18
95,3,,Police wake Belfort.,The police turned up.,47,2:07:18,2:08:05
96,3,,Car is smashed up.,Car was totalled. ,7,2:08:05,2:08:12
97,1,Dramatic license.,Flashbacks to Belfort real Lamborghini drive home.,"Belfort had smashed into 7 cars on his drive home, but his car was a Mercedes.",27,2:08:12,2:08:39
98,3,,Belfort questioned but no evidence.,Belfort arrested but weak evidence couldn't hold him.,21,2:08:39,2:09:00
99,0,Dramatic license.,Brad arrested. won't snitch.,Garret cooporated with the FBI. ,10,2:09:00,2:09:10
100,2,Story coherence.,Mad Max tells him to cut a deal with the SEC.,Belfort cut a deal with the SEC. ,89,2:09:10,2:10:39
101,1,Dramatic license.,Belfort steps down. Then changes his mind.,Belfort stepped down from Stratton Oakmont.,395,2:10:39,2:17:14
102,0,Dramatic license.,FBI hear Belfort has not stepped down.,Belfort did step down. ,17,2:17:14,2:17:31
103,-1,Dramatic license?,Brad died 2 years later.,No info on Garret's level of aliveness. ,39,2:17:31,2:18:10
104,3,,Subpoaenas roll in.,Plenty of Stratton subpoenas. Porush pissed on piles of them. ,33,2:18:10,2:18:43
105,1,Dramatic license.,Montage of interrogations. Nobody cracks.,2 of 14 cracked under questioning.,85,2:18:43,2:20:08
106,3,,Belfort hides in Italy. Steve Madden tries to unload shares.,Steve Madden did try to steal Belfort's shares. ,106,2:20:08,2:21:54
107,3,,Aunt Emma has died.,Aunt Patricia died.,52,2:21:54,2:22:46
108,2,Dramatic license.,They have to get to Switzerland ASAP.,Belfort ordered the captain to sail through chop while on vacation in Italy. ,218,2:22:46,2:26:24
109,3,,Major storm. Yacht destroyed.,Yacht was wrecked off Sardinian coast. All onboard were rescued.,79,2:26:24,2:27:43
110,3,Dramatic license. ,Party on Italian ship.,Italian navy threw them a party after the rescue. ,18,2:27:43,2:28:01
111,2,Story coherence. ,Belfort watches his plane explode.,Belfort's private jet exploded a few days later.,34,2:28:01,2:28:35
112,1,Dramatic license. ,Belfort shooting get-rich-quick infomercial.,FBI arrested Belfort at home. ,100,2:28:35,2:30:15
113,3,,Belfort has been to rehab. Dry to 2 years.,Belfort did a succesful stint in rehab. ,9,2:30:15,2:30:24
114,3,,Rugrat & Surel arrested in Miami.,Handali arrested while visiting clients in Miami.,24,2:30:24,2:30:48
115,3,,Saurel arrested.,Handali arrested for money laundering. ,3,2:30:48,2:30:51
116,-1,Dramatic license. ,Beni Hana & money laundering.,Not in the book. ,24,2:30:51,2:31:15
117,3,,Saurel ratted out Belfort & Chantalle.,"Handali had an affair with Chantalle, ratted her & Belfort out.",26,2:31:15,2:31:41
118,3,,Belfort's bail is $10m.,Belfort's bail set at $10m. ,28,2:31:41,2:32:09
119,-1,Characterisation.,AZOFF visits BELFORT at home. ,Not in the book. ,29,2:32:09,2:32:38
120,2,,BELFORT shows AZOFF his ankle monitor.,Belfort was placed under house arrest.,8,2:32:38,2:32:46
121,0,Characterisation.,Belfort worried about money. Azoff says firm will supoort him.,Those two were more colleagues than friends.,88,2:32:46,2:34:14
122,3,,Belfort sober.,Belfort attended rehab & was sober for a while.,38,2:34:14,2:34:52
123,3,,FBI want Belfort to rat.,Belfort ratted on everybody. ,108,2:34:52,2:36:40
124,3,,Noami wants a divorce. Belfort becomes violent.,Belfort crashed with his daughter in the car following a fight about custody. Nadine divorced him. ,459,2:36:40,2:44:19
125,3,,Belfort wears a wire.,Belfort wore a wire under FBI orders.,18,2:44:19,2:44:37
126,3,,Beflort agrees to rat.,Belfort ratted on everybody. ,19,2:44:37,2:44:56
127,2,,"Beflort, wired, meets everyone.",Belfort ratted on everybody. ,26,2:44:56,2:45:22
128,1,Dramatic license. ,Belfort slides Azoff a note warning he's wearing a wire.,"Belfort slid Dave Beall such a note, not Porush. ",94,2:45:22,2:46:56
129,2,Dramatic license. ,Belfort has a visitor.,FBI arrested Belfort at home. ,25,2:46:56,2:47:21
130,3,,FBI arrest Belfort at home.,The FBI got Belfort at his home.,4,2:47:21,2:47:25
131,3,,He going to jail.,Belfort was eventually given jail time.,40,2:47:25,2:48:05
132,2,,Azoff caught as FBI storm the office.,Porush was indicted & arrested. ,49,2:48:05,2:48:54
133,3,,Belfort is idolised.,Belfort's people saw him as the diety of Stratton Disneyland.,25,2:48:54,2:49:19
134,2,Dramatic license.,Belfort sentenced to 36 months.,"Sentenced to four years in prison, served 22 months. ",49,2:49:19,2:50:08
135,3,,FBI agent Denham sees Belfort has been sent down.,Coleman finally caught Belfort after years of single-handed hunting.,26,2:50:08,2:50:34
136,0,Dramatic license. ,BELFORT on prison bus. Scared. ,Belfort walked into the institution to self-surrender.,18,2:50:34,2:50:52
137,3,,BELFORT playing tennis with other inmates in cushy rich-persons' prison. ,"The prison had tennis, fresh healthy meals, & plenty of socialising.",29,2:50:52,2:51:21
138,3,,Belfort presents seminar in NZ.,Belfort is a highly succesful motivational speaker & consultant.,103,2:51:21,2:53:04
