,truth_int,duration,start,end
0,3,907,0:00:41,0:15:48
1,3,1538,0:15:48,0:41:26
2,2,1424,0:41:26,1:05:10
3,3,742,1:05:10,1:17:32
4,3,1704,1:17:32,1:45:56
5,3,1011,1:45:56,2:02:47
6,1,956,2:02:47,2:18:43
7,3,835,2:18:43,2:32:38
8,3,1050,2:32:38,2:50:08
9,3,176,2:50:08,2:53:04
